0,243
63,2
0,533
0,532
0,472
95,5
95,4
95,3
95,2
95,1
95,0
94,5
94,4
94,3
94,2
94,1
94,0
0,278
93,5
93,4
93,3
93,2
0,9
93,1
93,0
92,35
64,1
64,3
63,1
63,3
69,1
69,3
71,1
71,3
67,1
67,3
73,2
0,273
0,270
10,67
10,263
10,191
10,125
10,211
10,107
10,7
10,307
10,2
10,3
9,5
9,7
8,10
8,16
8,7
8,2
8,3
85,5
85,4
85,3
85,2
85,1
85,0
81,5
81,4
81,3
81,2
81,1
81,0
73,3
73,1
72,4
72,3
72,2
72,1
20,3
20,2
20,1
19,3
19,2
19,1
18,3
18,1
14,3
14,1
13,3
13,1
12,3
12,2
12,1
11,29
11,28
11,27
11,26
11,25
11,24
11,23
11,22
11,21
11,20
11,19
11,18
11,17
11,16
11,15
11,14
11,12
11,11
11,9
11,8
11,7
11,6
11,5
11,4
11,3
11,2
11,1
10,312
10,309
10,308
10,302
10,301
10,297
10,288
10,283
10,280
10,277
10,272
10,267
